’ 16 1161111111, 611. 33. ,1, 303,

33 ,411116 trecentesimo 611616, 136611166611116116116 6161, 11616111
11611616111111116 6111111116, 61 consulibus ad decemviros, quem ad
modum 61 regibus ante 611 6611661661666161, translato imperio,

111111166166131116, 6616661 diuturna, mutatio 1611. 1661661116
principia magistratus eius 61611616611161616110 66 611166 lapsa

L. 6111111616 66161 16113166611116116 663666616166 worden, 611166, 10, 32,
11666 6661 1161 111611166 dem 366166116116 1666166166 wie die 61616 ·
16661616, 6. 55, 6. - 1111163, 6161161116166166616611111, 11611 16166
’11116666 61111111 1161166, 6. 6. 54, 01 11166611111611116666 Ρ66111 nieht.

33-35, 1166616161611· des 1)66616111·6166; 616. 11611. 2, 361166.
Anu. 3, 273 Diod. 12, 237. Dion. 10, 553 Zon. 7, 18.

1-2. 1166661, 611. 6616161 6661 dem 661661661661666116 (1611166136-

161116 243, 61611 244161166, 61, 60, 314, ’1, 1, 161·661661; 116 Con-
66161166166 16166 d. J. 303. 1161 1166111661 Ls’ 16131, 11666 61 11661611,

16 dem (11606166161663 61611111, 6136166 11111. ’111666 161 1613666111166,Ι

616 Appius und Genucius 1616116 1166 66666161 6136116166161166, wie L

-, 6611616. 56, 0 6631 (c. 33, 4 161661 66 11661361· 36666666136611,116161
Dion. 6. 56; s. Mommsen Str. 1, 486, 11661116 Consularfasten 6636166.
116616. 36, 311666 (161· 1166616611 mm -6611616116136166 161, 61116616
1666 1166611166, dass 1116 6666116 61611 61611, wie 6. 8, 3 1166 11. Aug,
6661616 1166 15. Mai ihr Amt 6636116166 16161, 6111 dem 11611111 der
[1666161116 616 66666 1111163611 61611 361661661 6611166 661, weil 116
6666616 111 116116 1161166 und nur 6611 6666 Μ1131161161 116163611111

· werden, s. Μ66111666 61166. 823 913 1213 Str. 1, 46116 6611163-
161 3, 22, 61316161 6166, 16 1116 6666616 616 0666111111 66616. 32, 6
und, 1116 66166 1161 1166111661 decemviri consulari imperio 1631166
scribendis zeigt, eine 6616161166111611161611661611 661 11613616 61161166,

-= also 6136611161616 6616166 Amt 66116166, 6661616 66166 Μ6316116161611·
61161166 sollte. -quam, s. 6. 8, 2. - itervm 16 66163661 1, 60. -'

¹ - mutat. 1116, 6161111116 6611166666 6161 663 66 116 161166 11636166
’ 6. 32, 6 66 und 6161 1161161661166 66611666166111161ς 66161661661 661
sein: 66661 11 dem 6111616166 16116 6166 16116161663 1161 0611666663
(61611 1166 (1166611111116161116666636661661166116) 6116131; 6166 die

661 6666111161663 161 66666161166161 6611611 3611611616 161 Terentilia

6. 9, 5; 31, 7 161 1661611663 3616111166, 1611661116 Ρ161611111161166
0666611161 6661361666, 6. 6. 35, 11 , und 6111161 111 6616616111116661

4, 7 Τ1611 66 161 16616166 6611611 6111611. 11661 6616161 L. 61611
16661161 16 16166, dass 6611616 661661 Α66666166366 6111 dieser 6611666663
1166066661116166 61611 16 61611663 616166, 66 c. 32, 6, dass 66 661661

616 1611, 6. 34, 73 31, 4, dass 66 661 161 Α116666631166 16611661166
6163666111 661. 1161116 0666111116 16666161 1161613116161166, die 6666
0611666613 16 6611161161, 66 6611166 11166616 66, dass (116 Worte 61111-

116· - imperio 6161 161 11616 11161161 11666-16111616 1116 816116 131166 16166
661161, 11111661 1351.; 164, 131. 16 6. 32, 7. — diuturna, 61361111612 din
durch (116161661161663 66161611666 0611666663. - laeta 616, 061 611166-
11616 1461663 16166166616 6166 61116 11111136 661616161663, 1166611663,
11111166, e. 64, 1. 66116 1661111616, 11616661 11316,6111 166 21166166
66116161, 1116, 6611366116616661, 16166 116661 11166, 2, 48, 8; ib. 21, 6. —

 

